{
 "cells": [
  {
   "cell_type": "code",
   "execution_count": 1,
   "metadata": {
    "collapsed": true
   },
   "outputs": [],
   "source": [
    "import pandas as pd\n",
    "rel_fp = 'WI_TSP_Distances.csv'"
   ]
  },
  {
   "cell_type": "code",
   "execution_count": 2,
   "metadata": {
    "collapsed": false
   },
   "outputs": [
    {
     "name": "stderr",
     "output_type": "stream",
     "text": [
      "/Library/Python/2.7/site-packages/IPython/kernel/__main__.py:2: FutureWarning: sort(columns=....) is deprecated, use sort_values(by=.....)\n",
      "  from IPython.kernel.zmq import kernelapp as app\n"
     ]
    }
   ],
   "source": [
    "data = pd.read_csv(rel_fp)\n",
    "data = data.sort('City')\n",
    "data = data.to_dict(orient='records')"
   ]
  },
  {
   "cell_type": "code",
   "execution_count": 3,
   "metadata": {
    "collapsed": false
   },
   "outputs": [
    {
     "data": {
      "text/plain": [
       "[{'City': 'Appleton', 'X': 17.5, 'Y': 16.5},\n",
       " {'City': 'Ashland', 'X': 9.75, 'Y': 4.0},\n",
       " {'City': 'Duluth', 'X': 4.75, 'Y': 3.5},\n",
       " {'City': 'Eau Claire', 'X': 7.5, 'Y': 13.5},\n",
       " {'City': 'Fond Du Lac', 'X': 17.5, 'Y': 18.625},\n",
       " {'City': 'Green Bay', 'X': 18.5, 'Y': 15.5},\n",
       " {'City': 'Hayward', 'X': 7.0, 'Y': 7.0},\n",
       " {'City': 'Janesville', 'X': 15.875, 'Y': 24.0},\n",
       " {'City': 'La Crosse', 'X': 8.0, 'Y': 19.125},\n",
       " {'City': 'Madison', 'X': 13.75, 'Y': 22.0},\n",
       " {'City': 'Manitowac', 'X': 20.0, 'Y': 18.0},\n",
       " {'City': 'Marshfield', 'X': 10.75, 'Y': 14.0},\n",
       " {'City': 'Menomonie', 'X': 6.0, 'Y': 13.0},\n",
       " {'City': 'Milwaukee', 'X': 19.0, 'Y': 22.0},\n",
       " {'City': 'Rhinelander', 'X': 13.5, 'Y': 9.5},\n",
       " {'City': 'Sister Bay', 'X': 22.5, 'Y': 12.0},\n",
       " {'City': \"Steven's Point\", 'X': 12.75, 'Y': 14.5},\n",
       " {'City': 'Tomah', 'X': 10.0, 'Y': 18.25},\n",
       " {'City': 'WI Dells', 'X': 12.5, 'Y': 19.75},\n",
       " {'City': 'Wausau', 'X': 12.75, 'Y': 12.5}]"
      ]
     },
     "execution_count": 3,
     "metadata": {},
     "output_type": "execute_result"
    }
   ],
   "source": [
    "data"
   ]
  },
  {
   "cell_type": "code",
   "execution_count": 4,
   "metadata": {
    "collapsed": false
   },
   "outputs": [],
   "source": [
    "def distance(row1, row2):\n",
    "    distance = 0\n",
    "    for dim in ['X', 'Y']:\n",
    "        distance += (row1[dim] - row2[dim])**2\n",
    "    return(distance**0.5)\n",
    "    \n",
    "distance_data = []\n",
    "for row1_idx, row1 in enumerate(data):\n",
    "    distance_data.append({'City 1': row1['City'], 'City 2': row1['City'], 'Distance': 0})\n",
    "    for row2 in data[row1_idx+1:]:\n",
    "        d = distance(row1, row2)\n",
    "        distance_data.append({'City 1': row1['City'], 'City 2': row2['City'], 'Distance': d})\n",
    "        distance_data.append({'City 1': row2['City'], 'City 2': row1['City'], 'Distance': d})\n",
    "distance_data = pd.DataFrame(distance_data)"
   ]
  },
  {
   "cell_type": "code",
   "execution_count": 5,
   "metadata": {
    "collapsed": false
   },
   "outputs": [
    {
     "data": {
      "text/html": [
       "<div>\n",
       "<table border=\"1\" class=\"dataframe\">\n",
       "  <thead>\n",
       "    <tr>\n",
       "      <th></th>\n",
       "      <th colspan=\"20\" halign=\"left\">Distance</th>\n",
       "    </tr>\n",
       "    <tr>\n",
       "      <th>City 2</th>\n",
       "      <th>Appleton</th>\n",
       "      <th>Ashland</th>\n",
       "      <th>Duluth</th>\n",
       "      <th>Eau Claire</th>\n",
       "      <th>Fond Du Lac</th>\n",
       "      <th>Green Bay</th>\n",
       "      <th>Hayward</th>\n",
       "      <th>Janesville</th>\n",
       "      <th>La Crosse</th>\n",
       "      <th>Madison</th>\n",
       "      <th>Manitowac</th>\n",
       "      <th>Marshfield</th>\n",
       "      <th>Menomonie</th>\n",
       "      <th>Milwaukee</th>\n",
       "      <th>Rhinelander</th>\n",
       "      <th>Sister Bay</th>\n",
       "      <th>Steven's Point</th>\n",
       "      <th>Tomah</th>\n",
       "      <th>WI Dells</th>\n",
       "      <th>Wausau</th>\n",
       "    </tr>\n",
       "    <tr>\n",
       "      <th>City 1</th>\n",
       "      <th></th>\n",
       "      <th></th>\n",
       "      <th></th>\n",
       "      <th></th>\n",
       "      <th></th>\n",
       "      <th></th>\n",
       "      <th></th>\n",
       "      <th></th>\n",
       "      <th></th>\n",
       "      <th></th>\n",
       "      <th></th>\n",
       "      <th></th>\n",
       "      <th></th>\n",
       "      <th></th>\n",
       "      <th></th>\n",
       "      <th></th>\n",
       "      <th></th>\n",
       "      <th></th>\n",
       "      <th></th>\n",
       "      <th></th>\n",
       "    </tr>\n",
       "  </thead>\n",
       "  <tbody>\n",
       "    <tr>\n",
       "      <th>Appleton</th>\n",
       "      <td>0.000000</td>\n",
       "      <td>14.707566</td>\n",
       "      <td>18.208858</td>\n",
       "      <td>10.440307</td>\n",
       "      <td>2.125000</td>\n",
       "      <td>1.414214</td>\n",
       "      <td>14.159802</td>\n",
       "      <td>7.674023</td>\n",
       "      <td>9.855994</td>\n",
       "      <td>6.656763</td>\n",
       "      <td>2.915476</td>\n",
       "      <td>7.198090</td>\n",
       "      <td>12.020815</td>\n",
       "      <td>5.700877</td>\n",
       "      <td>8.062258</td>\n",
       "      <td>6.726812</td>\n",
       "      <td>5.153882</td>\n",
       "      <td>7.701461</td>\n",
       "      <td>5.963430</td>\n",
       "      <td>6.209871</td>\n",
       "    </tr>\n",
       "    <tr>\n",
       "      <th>Ashland</th>\n",
       "      <td>14.707566</td>\n",
       "      <td>0.000000</td>\n",
       "      <td>5.024938</td>\n",
       "      <td>9.762812</td>\n",
       "      <td>16.551529</td>\n",
       "      <td>14.450346</td>\n",
       "      <td>4.069705</td>\n",
       "      <td>20.916874</td>\n",
       "      <td>15.225903</td>\n",
       "      <td>18.439089</td>\n",
       "      <td>17.351153</td>\n",
       "      <td>10.049876</td>\n",
       "      <td>9.750000</td>\n",
       "      <td>20.237651</td>\n",
       "      <td>6.656763</td>\n",
       "      <td>15.051993</td>\n",
       "      <td>10.920165</td>\n",
       "      <td>14.252193</td>\n",
       "      <td>15.988277</td>\n",
       "      <td>9.013878</td>\n",
       "    </tr>\n",
       "    <tr>\n",
       "      <th>Duluth</th>\n",
       "      <td>18.208858</td>\n",
       "      <td>5.024938</td>\n",
       "      <td>0.000000</td>\n",
       "      <td>10.371234</td>\n",
       "      <td>19.782015</td>\n",
       "      <td>18.250000</td>\n",
       "      <td>4.160829</td>\n",
       "      <td>23.324143</td>\n",
       "      <td>15.959421</td>\n",
       "      <td>20.573041</td>\n",
       "      <td>21.043111</td>\n",
       "      <td>12.093387</td>\n",
       "      <td>9.581884</td>\n",
       "      <td>23.351927</td>\n",
       "      <td>10.609548</td>\n",
       "      <td>19.680257</td>\n",
       "      <td>13.601471</td>\n",
       "      <td>15.656468</td>\n",
       "      <td>18.003472</td>\n",
       "      <td>12.041595</td>\n",
       "    </tr>\n",
       "    <tr>\n",
       "      <th>Eau Claire</th>\n",
       "      <td>10.440307</td>\n",
       "      <td>9.762812</td>\n",
       "      <td>10.371234</td>\n",
       "      <td>0.000000</td>\n",
       "      <td>11.236798</td>\n",
       "      <td>11.180340</td>\n",
       "      <td>6.519202</td>\n",
       "      <td>13.430958</td>\n",
       "      <td>5.647178</td>\n",
       "      <td>10.550474</td>\n",
       "      <td>13.285330</td>\n",
       "      <td>3.288237</td>\n",
       "      <td>1.581139</td>\n",
       "      <td>14.300350</td>\n",
       "      <td>7.211103</td>\n",
       "      <td>15.074813</td>\n",
       "      <td>5.344390</td>\n",
       "      <td>5.367728</td>\n",
       "      <td>8.003905</td>\n",
       "      <td>5.344390</td>\n",
       "    </tr>\n",
       "    <tr>\n",
       "      <th>Fond Du Lac</th>\n",
       "      <td>2.125000</td>\n",
       "      <td>16.551529</td>\n",
       "      <td>19.782015</td>\n",
       "      <td>11.236798</td>\n",
       "      <td>0.000000</td>\n",
       "      <td>3.281101</td>\n",
       "      <td>15.664949</td>\n",
       "      <td>5.615269</td>\n",
       "      <td>9.513149</td>\n",
       "      <td>5.045109</td>\n",
       "      <td>2.576941</td>\n",
       "      <td>8.182489</td>\n",
       "      <td>12.801977</td>\n",
       "      <td>3.693322</td>\n",
       "      <td>9.963214</td>\n",
       "      <td>8.300038</td>\n",
       "      <td>6.291115</td>\n",
       "      <td>7.509369</td>\n",
       "      <td>5.125000</td>\n",
       "      <td>7.751008</td>\n",
       "    </tr>\n",
       "    <tr>\n",
       "      <th>Green Bay</th>\n",
       "      <td>1.414214</td>\n",
       "      <td>14.450346</td>\n",
       "      <td>18.250000</td>\n",
       "      <td>11.180340</td>\n",
       "      <td>3.281101</td>\n",
       "      <td>0.000000</td>\n",
       "      <td>14.300350</td>\n",
       "      <td>8.896102</td>\n",
       "      <td>11.108133</td>\n",
       "      <td>8.050621</td>\n",
       "      <td>2.915476</td>\n",
       "      <td>7.893827</td>\n",
       "      <td>12.747549</td>\n",
       "      <td>6.519202</td>\n",
       "      <td>7.810250</td>\n",
       "      <td>5.315073</td>\n",
       "      <td>5.836309</td>\n",
       "      <td>8.933784</td>\n",
       "      <td>7.352721</td>\n",
       "      <td>6.485561</td>\n",
       "    </tr>\n",
       "    <tr>\n",
       "      <th>Hayward</th>\n",
       "      <td>14.159802</td>\n",
       "      <td>4.069705</td>\n",
       "      <td>4.160829</td>\n",
       "      <td>6.519202</td>\n",
       "      <td>15.664949</td>\n",
       "      <td>14.300350</td>\n",
       "      <td>0.000000</td>\n",
       "      <td>19.177216</td>\n",
       "      <td>12.166167</td>\n",
       "      <td>16.448784</td>\n",
       "      <td>17.029386</td>\n",
       "      <td>7.941190</td>\n",
       "      <td>6.082763</td>\n",
       "      <td>19.209373</td>\n",
       "      <td>6.964194</td>\n",
       "      <td>16.286497</td>\n",
       "      <td>9.450529</td>\n",
       "      <td>11.643131</td>\n",
       "      <td>13.885694</td>\n",
       "      <td>7.956915</td>\n",
       "    </tr>\n",
       "    <tr>\n",
       "      <th>Janesville</th>\n",
       "      <td>7.674023</td>\n",
       "      <td>20.916874</td>\n",
       "      <td>23.324143</td>\n",
       "      <td>13.430958</td>\n",
       "      <td>5.615269</td>\n",
       "      <td>8.896102</td>\n",
       "      <td>19.177216</td>\n",
       "      <td>0.000000</td>\n",
       "      <td>9.261817</td>\n",
       "      <td>2.918154</td>\n",
       "      <td>7.281183</td>\n",
       "      <td>11.236798</td>\n",
       "      <td>14.782274</td>\n",
       "      <td>3.710206</td>\n",
       "      <td>14.693217</td>\n",
       "      <td>13.707320</td>\n",
       "      <td>10.000781</td>\n",
       "      <td>8.220592</td>\n",
       "      <td>5.427073</td>\n",
       "      <td>11.917031</td>\n",
       "    </tr>\n",
       "    <tr>\n",
       "      <th>La Crosse</th>\n",
       "      <td>9.855994</td>\n",
       "      <td>15.225903</td>\n",
       "      <td>15.959421</td>\n",
       "      <td>5.647178</td>\n",
       "      <td>9.513149</td>\n",
       "      <td>11.108133</td>\n",
       "      <td>12.166167</td>\n",
       "      <td>9.261817</td>\n",
       "      <td>0.000000</td>\n",
       "      <td>6.428695</td>\n",
       "      <td>12.052619</td>\n",
       "      <td>5.816195</td>\n",
       "      <td>6.443262</td>\n",
       "      <td>11.369504</td>\n",
       "      <td>11.085604</td>\n",
       "      <td>16.155978</td>\n",
       "      <td>6.629715</td>\n",
       "      <td>2.183031</td>\n",
       "      <td>4.543195</td>\n",
       "      <td>8.151879</td>\n",
       "    </tr>\n",
       "    <tr>\n",
       "      <th>Madison</th>\n",
       "      <td>6.656763</td>\n",
       "      <td>18.439089</td>\n",
       "      <td>20.573041</td>\n",
       "      <td>10.550474</td>\n",
       "      <td>5.045109</td>\n",
       "      <td>8.050621</td>\n",
       "      <td>16.448784</td>\n",
       "      <td>2.918154</td>\n",
       "      <td>6.428695</td>\n",
       "      <td>0.000000</td>\n",
       "      <td>7.420411</td>\n",
       "      <td>8.544004</td>\n",
       "      <td>11.876974</td>\n",
       "      <td>5.250000</td>\n",
       "      <td>12.502500</td>\n",
       "      <td>13.287682</td>\n",
       "      <td>7.566373</td>\n",
       "      <td>5.303301</td>\n",
       "      <td>2.573908</td>\n",
       "      <td>9.552487</td>\n",
       "    </tr>\n",
       "    <tr>\n",
       "      <th>Manitowac</th>\n",
       "      <td>2.915476</td>\n",
       "      <td>17.351153</td>\n",
       "      <td>21.043111</td>\n",
       "      <td>13.285330</td>\n",
       "      <td>2.576941</td>\n",
       "      <td>2.915476</td>\n",
       "      <td>17.029386</td>\n",
       "      <td>7.281183</td>\n",
       "      <td>12.052619</td>\n",
       "      <td>7.420411</td>\n",
       "      <td>0.000000</td>\n",
       "      <td>10.077822</td>\n",
       "      <td>14.866069</td>\n",
       "      <td>4.123106</td>\n",
       "      <td>10.700467</td>\n",
       "      <td>6.500000</td>\n",
       "      <td>8.050621</td>\n",
       "      <td>10.003125</td>\n",
       "      <td>7.701461</td>\n",
       "      <td>9.100137</td>\n",
       "    </tr>\n",
       "    <tr>\n",
       "      <th>Marshfield</th>\n",
       "      <td>7.198090</td>\n",
       "      <td>10.049876</td>\n",
       "      <td>12.093387</td>\n",
       "      <td>3.288237</td>\n",
       "      <td>8.182489</td>\n",
       "      <td>7.893827</td>\n",
       "      <td>7.941190</td>\n",
       "      <td>11.236798</td>\n",
       "      <td>5.816195</td>\n",
       "      <td>8.544004</td>\n",
       "      <td>10.077822</td>\n",
       "      <td>0.000000</td>\n",
       "      <td>4.854122</td>\n",
       "      <td>11.491845</td>\n",
       "      <td>5.273756</td>\n",
       "      <td>11.918997</td>\n",
       "      <td>2.061553</td>\n",
       "      <td>4.315669</td>\n",
       "      <td>6.010408</td>\n",
       "      <td>2.500000</td>\n",
       "    </tr>\n",
       "    <tr>\n",
       "      <th>Menomonie</th>\n",
       "      <td>12.020815</td>\n",
       "      <td>9.750000</td>\n",
       "      <td>9.581884</td>\n",
       "      <td>1.581139</td>\n",
       "      <td>12.801977</td>\n",
       "      <td>12.747549</td>\n",
       "      <td>6.082763</td>\n",
       "      <td>14.782274</td>\n",
       "      <td>6.443262</td>\n",
       "      <td>11.876974</td>\n",
       "      <td>14.866069</td>\n",
       "      <td>4.854122</td>\n",
       "      <td>0.000000</td>\n",
       "      <td>15.811388</td>\n",
       "      <td>8.276473</td>\n",
       "      <td>16.530275</td>\n",
       "      <td>6.914658</td>\n",
       "      <td>6.600189</td>\n",
       "      <td>9.370832</td>\n",
       "      <td>6.768493</td>\n",
       "    </tr>\n",
       "    <tr>\n",
       "      <th>Milwaukee</th>\n",
       "      <td>5.700877</td>\n",
       "      <td>20.237651</td>\n",
       "      <td>23.351927</td>\n",
       "      <td>14.300350</td>\n",
       "      <td>3.693322</td>\n",
       "      <td>6.519202</td>\n",
       "      <td>19.209373</td>\n",
       "      <td>3.710206</td>\n",
       "      <td>11.369504</td>\n",
       "      <td>5.250000</td>\n",
       "      <td>4.123106</td>\n",
       "      <td>11.491845</td>\n",
       "      <td>15.811388</td>\n",
       "      <td>0.000000</td>\n",
       "      <td>13.656500</td>\n",
       "      <td>10.594810</td>\n",
       "      <td>9.762812</td>\n",
       "      <td>9.750000</td>\n",
       "      <td>6.878408</td>\n",
       "      <td>11.371565</td>\n",
       "    </tr>\n",
       "    <tr>\n",
       "      <th>Rhinelander</th>\n",
       "      <td>8.062258</td>\n",
       "      <td>6.656763</td>\n",
       "      <td>10.609548</td>\n",
       "      <td>7.211103</td>\n",
       "      <td>9.963214</td>\n",
       "      <td>7.810250</td>\n",
       "      <td>6.964194</td>\n",
       "      <td>14.693217</td>\n",
       "      <td>11.085604</td>\n",
       "      <td>12.502500</td>\n",
       "      <td>10.700467</td>\n",
       "      <td>5.273756</td>\n",
       "      <td>8.276473</td>\n",
       "      <td>13.656500</td>\n",
       "      <td>0.000000</td>\n",
       "      <td>9.340771</td>\n",
       "      <td>5.055937</td>\n",
       "      <td>9.424038</td>\n",
       "      <td>10.298665</td>\n",
       "      <td>3.092329</td>\n",
       "    </tr>\n",
       "    <tr>\n",
       "      <th>Sister Bay</th>\n",
       "      <td>6.726812</td>\n",
       "      <td>15.051993</td>\n",
       "      <td>19.680257</td>\n",
       "      <td>15.074813</td>\n",
       "      <td>8.300038</td>\n",
       "      <td>5.315073</td>\n",
       "      <td>16.286497</td>\n",
       "      <td>13.707320</td>\n",
       "      <td>16.155978</td>\n",
       "      <td>13.287682</td>\n",
       "      <td>6.500000</td>\n",
       "      <td>11.918997</td>\n",
       "      <td>16.530275</td>\n",
       "      <td>10.594810</td>\n",
       "      <td>9.340771</td>\n",
       "      <td>0.000000</td>\n",
       "      <td>10.065411</td>\n",
       "      <td>13.975425</td>\n",
       "      <td>12.651581</td>\n",
       "      <td>9.762812</td>\n",
       "    </tr>\n",
       "    <tr>\n",
       "      <th>Steven's Point</th>\n",
       "      <td>5.153882</td>\n",
       "      <td>10.920165</td>\n",
       "      <td>13.601471</td>\n",
       "      <td>5.344390</td>\n",
       "      <td>6.291115</td>\n",
       "      <td>5.836309</td>\n",
       "      <td>9.450529</td>\n",
       "      <td>10.000781</td>\n",
       "      <td>6.629715</td>\n",
       "      <td>7.566373</td>\n",
       "      <td>8.050621</td>\n",
       "      <td>2.061553</td>\n",
       "      <td>6.914658</td>\n",
       "      <td>9.762812</td>\n",
       "      <td>5.055937</td>\n",
       "      <td>10.065411</td>\n",
       "      <td>0.000000</td>\n",
       "      <td>4.650269</td>\n",
       "      <td>5.255949</td>\n",
       "      <td>2.000000</td>\n",
       "    </tr>\n",
       "    <tr>\n",
       "      <th>Tomah</th>\n",
       "      <td>7.701461</td>\n",
       "      <td>14.252193</td>\n",
       "      <td>15.656468</td>\n",
       "      <td>5.367728</td>\n",
       "      <td>7.509369</td>\n",
       "      <td>8.933784</td>\n",
       "      <td>11.643131</td>\n",
       "      <td>8.220592</td>\n",
       "      <td>2.183031</td>\n",
       "      <td>5.303301</td>\n",
       "      <td>10.003125</td>\n",
       "      <td>4.315669</td>\n",
       "      <td>6.600189</td>\n",
       "      <td>9.750000</td>\n",
       "      <td>9.424038</td>\n",
       "      <td>13.975425</td>\n",
       "      <td>4.650269</td>\n",
       "      <td>0.000000</td>\n",
       "      <td>2.915476</td>\n",
       "      <td>6.373774</td>\n",
       "    </tr>\n",
       "    <tr>\n",
       "      <th>WI Dells</th>\n",
       "      <td>5.963430</td>\n",
       "      <td>15.988277</td>\n",
       "      <td>18.003472</td>\n",
       "      <td>8.003905</td>\n",
       "      <td>5.125000</td>\n",
       "      <td>7.352721</td>\n",
       "      <td>13.885694</td>\n",
       "      <td>5.427073</td>\n",
       "      <td>4.543195</td>\n",
       "      <td>2.573908</td>\n",
       "      <td>7.701461</td>\n",
       "      <td>6.010408</td>\n",
       "      <td>9.370832</td>\n",
       "      <td>6.878408</td>\n",
       "      <td>10.298665</td>\n",
       "      <td>12.651581</td>\n",
       "      <td>5.255949</td>\n",
       "      <td>2.915476</td>\n",
       "      <td>0.000000</td>\n",
       "      <td>7.254309</td>\n",
       "    </tr>\n",
       "    <tr>\n",
       "      <th>Wausau</th>\n",
       "      <td>6.209871</td>\n",
       "      <td>9.013878</td>\n",
       "      <td>12.041595</td>\n",
       "      <td>5.344390</td>\n",
       "      <td>7.751008</td>\n",
       "      <td>6.485561</td>\n",
       "      <td>7.956915</td>\n",
       "      <td>11.917031</td>\n",
       "      <td>8.151879</td>\n",
       "      <td>9.552487</td>\n",
       "      <td>9.100137</td>\n",
       "      <td>2.500000</td>\n",
       "      <td>6.768493</td>\n",
       "      <td>11.371565</td>\n",
       "      <td>3.092329</td>\n",
       "      <td>9.762812</td>\n",
       "      <td>2.000000</td>\n",
       "      <td>6.373774</td>\n",
       "      <td>7.254309</td>\n",
       "      <td>0.000000</td>\n",
       "    </tr>\n",
       "  </tbody>\n",
       "</table>\n",
       "</div>"
      ],
      "text/plain": [
       "                 Distance                                               \\\n",
       "City 2           Appleton    Ashland     Duluth Eau Claire Fond Du Lac   \n",
       "City 1                                                                   \n",
       "Appleton         0.000000  14.707566  18.208858  10.440307    2.125000   \n",
       "Ashland         14.707566   0.000000   5.024938   9.762812   16.551529   \n",
       "Duluth          18.208858   5.024938   0.000000  10.371234   19.782015   \n",
       "Eau Claire      10.440307   9.762812  10.371234   0.000000   11.236798   \n",
       "Fond Du Lac      2.125000  16.551529  19.782015  11.236798    0.000000   \n",
       "Green Bay        1.414214  14.450346  18.250000  11.180340    3.281101   \n",
       "Hayward         14.159802   4.069705   4.160829   6.519202   15.664949   \n",
       "Janesville       7.674023  20.916874  23.324143  13.430958    5.615269   \n",
       "La Crosse        9.855994  15.225903  15.959421   5.647178    9.513149   \n",
       "Madison          6.656763  18.439089  20.573041  10.550474    5.045109   \n",
       "Manitowac        2.915476  17.351153  21.043111  13.285330    2.576941   \n",
       "Marshfield       7.198090  10.049876  12.093387   3.288237    8.182489   \n",
       "Menomonie       12.020815   9.750000   9.581884   1.581139   12.801977   \n",
       "Milwaukee        5.700877  20.237651  23.351927  14.300350    3.693322   \n",
       "Rhinelander      8.062258   6.656763  10.609548   7.211103    9.963214   \n",
       "Sister Bay       6.726812  15.051993  19.680257  15.074813    8.300038   \n",
       "Steven's Point   5.153882  10.920165  13.601471   5.344390    6.291115   \n",
       "Tomah            7.701461  14.252193  15.656468   5.367728    7.509369   \n",
       "WI Dells         5.963430  15.988277  18.003472   8.003905    5.125000   \n",
       "Wausau           6.209871   9.013878  12.041595   5.344390    7.751008   \n",
       "\n",
       "                                                                       \\\n",
       "City 2          Green Bay    Hayward Janesville  La Crosse    Madison   \n",
       "City 1                                                                  \n",
       "Appleton         1.414214  14.159802   7.674023   9.855994   6.656763   \n",
       "Ashland         14.450346   4.069705  20.916874  15.225903  18.439089   \n",
       "Duluth          18.250000   4.160829  23.324143  15.959421  20.573041   \n",
       "Eau Claire      11.180340   6.519202  13.430958   5.647178  10.550474   \n",
       "Fond Du Lac      3.281101  15.664949   5.615269   9.513149   5.045109   \n",
       "Green Bay        0.000000  14.300350   8.896102  11.108133   8.050621   \n",
       "Hayward         14.300350   0.000000  19.177216  12.166167  16.448784   \n",
       "Janesville       8.896102  19.177216   0.000000   9.261817   2.918154   \n",
       "La Crosse       11.108133  12.166167   9.261817   0.000000   6.428695   \n",
       "Madison          8.050621  16.448784   2.918154   6.428695   0.000000   \n",
       "Manitowac        2.915476  17.029386   7.281183  12.052619   7.420411   \n",
       "Marshfield       7.893827   7.941190  11.236798   5.816195   8.544004   \n",
       "Menomonie       12.747549   6.082763  14.782274   6.443262  11.876974   \n",
       "Milwaukee        6.519202  19.209373   3.710206  11.369504   5.250000   \n",
       "Rhinelander      7.810250   6.964194  14.693217  11.085604  12.502500   \n",
       "Sister Bay       5.315073  16.286497  13.707320  16.155978  13.287682   \n",
       "Steven's Point   5.836309   9.450529  10.000781   6.629715   7.566373   \n",
       "Tomah            8.933784  11.643131   8.220592   2.183031   5.303301   \n",
       "WI Dells         7.352721  13.885694   5.427073   4.543195   2.573908   \n",
       "Wausau           6.485561   7.956915  11.917031   8.151879   9.552487   \n",
       "\n",
       "                                                                        \\\n",
       "City 2          Manitowac Marshfield  Menomonie  Milwaukee Rhinelander   \n",
       "City 1                                                                   \n",
       "Appleton         2.915476   7.198090  12.020815   5.700877    8.062258   \n",
       "Ashland         17.351153  10.049876   9.750000  20.237651    6.656763   \n",
       "Duluth          21.043111  12.093387   9.581884  23.351927   10.609548   \n",
       "Eau Claire      13.285330   3.288237   1.581139  14.300350    7.211103   \n",
       "Fond Du Lac      2.576941   8.182489  12.801977   3.693322    9.963214   \n",
       "Green Bay        2.915476   7.893827  12.747549   6.519202    7.810250   \n",
       "Hayward         17.029386   7.941190   6.082763  19.209373    6.964194   \n",
       "Janesville       7.281183  11.236798  14.782274   3.710206   14.693217   \n",
       "La Crosse       12.052619   5.816195   6.443262  11.369504   11.085604   \n",
       "Madison          7.420411   8.544004  11.876974   5.250000   12.502500   \n",
       "Manitowac        0.000000  10.077822  14.866069   4.123106   10.700467   \n",
       "Marshfield      10.077822   0.000000   4.854122  11.491845    5.273756   \n",
       "Menomonie       14.866069   4.854122   0.000000  15.811388    8.276473   \n",
       "Milwaukee        4.123106  11.491845  15.811388   0.000000   13.656500   \n",
       "Rhinelander     10.700467   5.273756   8.276473  13.656500    0.000000   \n",
       "Sister Bay       6.500000  11.918997  16.530275  10.594810    9.340771   \n",
       "Steven's Point   8.050621   2.061553   6.914658   9.762812    5.055937   \n",
       "Tomah           10.003125   4.315669   6.600189   9.750000    9.424038   \n",
       "WI Dells         7.701461   6.010408   9.370832   6.878408   10.298665   \n",
       "Wausau           9.100137   2.500000   6.768493  11.371565    3.092329   \n",
       "\n",
       "                                                                           \n",
       "City 2         Sister Bay Steven's Point      Tomah   WI Dells     Wausau  \n",
       "City 1                                                                     \n",
       "Appleton         6.726812       5.153882   7.701461   5.963430   6.209871  \n",
       "Ashland         15.051993      10.920165  14.252193  15.988277   9.013878  \n",
       "Duluth          19.680257      13.601471  15.656468  18.003472  12.041595  \n",
       "Eau Claire      15.074813       5.344390   5.367728   8.003905   5.344390  \n",
       "Fond Du Lac      8.300038       6.291115   7.509369   5.125000   7.751008  \n",
       "Green Bay        5.315073       5.836309   8.933784   7.352721   6.485561  \n",
       "Hayward         16.286497       9.450529  11.643131  13.885694   7.956915  \n",
       "Janesville      13.707320      10.000781   8.220592   5.427073  11.917031  \n",
       "La Crosse       16.155978       6.629715   2.183031   4.543195   8.151879  \n",
       "Madison         13.287682       7.566373   5.303301   2.573908   9.552487  \n",
       "Manitowac        6.500000       8.050621  10.003125   7.701461   9.100137  \n",
       "Marshfield      11.918997       2.061553   4.315669   6.010408   2.500000  \n",
       "Menomonie       16.530275       6.914658   6.600189   9.370832   6.768493  \n",
       "Milwaukee       10.594810       9.762812   9.750000   6.878408  11.371565  \n",
       "Rhinelander      9.340771       5.055937   9.424038  10.298665   3.092329  \n",
       "Sister Bay       0.000000      10.065411  13.975425  12.651581   9.762812  \n",
       "Steven's Point  10.065411       0.000000   4.650269   5.255949   2.000000  \n",
       "Tomah           13.975425       4.650269   0.000000   2.915476   6.373774  \n",
       "WI Dells        12.651581       5.255949   2.915476   0.000000   7.254309  \n",
       "Wausau           9.762812       2.000000   6.373774   7.254309   0.000000  "
      ]
     },
     "execution_count": 5,
     "metadata": {},
     "output_type": "execute_result"
    }
   ],
   "source": [
    "distance_data.pivot(index='City 1', columns='City 2')"
   ]
  }
 ],
 "metadata": {
  "kernelspec": {
   "display_name": "Python 2",
   "language": "python",
   "name": "python2"
  },
  "language_info": {
   "codemirror_mode": {
    "name": "ipython",
    "version": 2
   },
   "file_extension": ".py",
   "mimetype": "text/x-python",
   "name": "python",
   "nbconvert_exporter": "python",
   "pygments_lexer": "ipython2",
   "version": "2.7.10"
  }
 },
 "nbformat": 4,
 "nbformat_minor": 0
}
